IP Mean     IP Sd IP Kurtosis IP Skewness DM-SNR Mean DM-SNR Sd  \
0    -0.330372 -0.117735   -0.237325   -0.253214   -0.355245 -0.617857   
1     0.356020  0.758944   -0.310189   -0.352311   -0.319745 -0.346031   
2    -0.078584  1.671296   -0.084982   -0.364609   -0.335094 -0.356476   
3     1.011088  0.699710   -0.447545   -0.311606   -0.374557 -0.761123   
4    -0.683055 -0.501184    0.051024   -0.139798   -0.403638 -0.829453   
...        ...       ...         ...         ...         ...       ...   
3575 -0.121352 -0.209296    0.066519   -0.147618   -0.411648 -0.795079   
3576 -0.006602  0.366657   -0.298400   -0.351405   -0.388512 -0.728553   
3577 -0.308084  0.175880   -0.151899   -0.292239   -0.333727 -0.412162   
3578  1.289680  0.324945   -0.448115   -0.282542   -0.186368  0.302773   
3579  0.362947 -0.315474   -0.286693   -0.221487   -0.341848 -0.583008   

     DM-SNR Kurtosis DM-SNR Skewness  
0           0.271848        0.119063  
1          -0.068928       -0.290499  
2           0.227847       -0.092184  
3           0.941501        1.085439  
4           2.059223        2.502764  
...              ...             ...  
3575        2.625571        2.964363  
3576        1.063669        0.989502  
3577        0.015754       -0.218268  
3578       -0.832732       -0.797404  
3579        0.047454       -0.082119  

[3580 rows x 8 columns]
5965     0
17707    0
17795    0
12444    0
15566    0
        ..
4040     0
13626    0
6221     0
1391     0
15075    0
Name: target_class, Length: 3580, dtype: int64
Confusion matrix

 [[3289   17]
 [  43  231]]

True Positives(TP) =  3289

True Negatives(TN) =  231

False Positives(FP) =  17

False Negatives(FN) =  43
